"$$\\mathbf{X} = \\begin{bmatrix}  1. & 1. & 0.\\\\  1. & 2. & 0.\\\\  1. & 5. & 1.\\\\  1. & 7. & 0.\\end{bmatrix}$$\n$$\\mathbf{y} = \\begin{bmatrix}  3\\\\  5\\\\  6\\\\  8\\end{bmatrix}$$\n$$\\mathbf{X^{T}X} = \\begin{bmatrix}  1. & 1. & 1. & 1.\\\\  1. & 2. & 5. & 7.\\\\  0. & 0. & 1. & 0.\\end{bmatrix}\\begin{bmatrix}  1. & 1. & 0.\\\\  1. & 2. & 0.\\\\  1. & 5. & 1.\\\\  1. & 7. & 0.\\end{bmatrix} = \\begin{bmatrix}  4. & 15. & 1.\\\\  15. & 79. & 5.\\\\  1. & 5. & 1.\\end{bmatrix}$$\n$$\\mathbf{\\left(X^TX\\right)^{-1}} = \\begin{bmatrix}  0.87096774 & -0.16129032 & -0.06451613\\\\  -0.16129032 & 0.0483871 & -0.08064516\\\\  -0.06451613 & -0.08064516 & 1.46774194\\end{bmatrix}$$\n$$\\mathbf{\\hat{\\beta}} = \\left(X^TX\\right)^{-1}X^Ty = \\begin{bmatrix}  0.87096774 & -0.16129032 & -0.06451613\\\\  -0.16129032 & 0.0483871 & -0.08064516\\\\  -0.06451613 & -0.08064516 & 1.46774194\\end{bmatrix}\\begin{bmatrix}  22.\\\\  99.\\\\  6.\\end{bmatrix} = \\begin{bmatrix}  2.80645161\\\\  0.75806452\\\\  -0.59677419\\end{bmatrix}$$"